100;24;65
101;68;47
102;86;95
103;60;23
104;22;85
105;58;83
106;54;81
107;28;59
108;0;9
109;86;69
110;80;73
111;76;99
112;110;83
113;110;53
114;18;1
115;12;9
116;2;5
117;72;27
118;32;43
119;34;97
120;50;57
121;16;73
122;50;109
123;118;79
124;96;117
125;98;111
126;116;1
127;78;45
128;84;31
129;98;85
130;2;127
131;32;77
132;32;75
133;58;127
134;88;91
135;14;3
136;100;129
137;56;21
138;18;57
139;100;63
140;126;85
141;126;123
142;28;119
143;92;65
144;20;99
145;50;45
146;60;35
147;74;77
148;126;113
149;82;129
150;130;123
151;16;11
152;60;151
153;104;15
154;18;11
155;126;39
156;120;11
157;56;127
158;154;141
159;120;85
160;158;153
161;122;141
162;34;39
163;160;15
164;24;129
165;138;49
166;138;93
167;130;157
168;12;57
169;16;91
170;6;53
171;44;153
172;166;91
173;122;53
174;60;35
175;82;161
176;28;67
177;174;175
178;124;101
179;158;93
180;146;39
181;82;67
182;174;49
183;54;169
184;120;155
185;64;113
186;158;61
187;6;129
188;16;175
189;146;181
190;82;49
191;168;5
192;60;163
193;58;129
194;134;169
195;158;9
196;168;103
197;182;29
198;190;193
199;198;31
200;120;153
201;10;133
202;60;187
203;158;49
204;8;45
205;202;153
206;200;193
207;34;35
208;112;143
209;10;155
210;100;133
211;152;133
212;136;157
213;166;183
214;6;199
215;18;193
216;152;53
217;64;193
218;142;143
219;192;5
220;16;133
221;120;133
222;34;153
223;202;31
224;50;187
225;50;215
226;218;63
227;120;169
228;214;67
229;112;201
230;48;67
231;100;163
232;142;141
233;166;111
234;200;105
235;54;163
236;66;183
237;190;209
238;78;181
239;202;223
240;110;203
241;208;201
242;202;183
243;136;213
244;186;153
245;60;207
246;142;75
247;0;229
248;186;129
249;196;201
250;82;209
251;18;153
252;110;239
253;144;191
254;252;243
255;136;217
256;218;255
257;60;9
258;224;221
259;66;191
260;78;53
261;82;147
262;166;247
263;186;239
264;18;67
265;224;63
266;254;53
267;60;257
268;218;207
269;240;61
270;224;237
271;254;253
272;66;169
273;180;261
274;240;201
275;188;239
276;54;219
277;262;201
278;200;273
279;188;241
280;278;169
281;230;193
282;242;243
283;276;275
284;230;63
285;268;49
286;280;273
287;78;63
288;134;175
289;228;271
290;272;269
291;134;63
292;242;67
293;6;269
294;60;269
295;258;49
296;282;167
297;250;281
298;294;281
299;230;269
300;244;235
301;252;155
302;258;167
303;276;285
304;246;295
305;34;271
306;100;201
307;250;303
308;134;35
309;6;263
310;292;297
311;306;241
312;34;303
313;208;311
314;266;287
315;264;191
316;274;215
317;252;287
318;300;203
319;274;167
320;250;263
321;166;233
322;290;269
323;228;233
324;300;201
325;250;307
326;306;323
327;314;235
328;200;267
329;144;243
330;320;269
331;238;307
332;242;289
333;204;119
334;206;321
335;312;279
336;250;105
337;288;9
338;334;215
339;110;61
340;166;323
341;242;323
342;238;301
343;248;29
344;82;35
345;246;317
346;290;35
347;316;105
348;144;313
349;292;325
350;322;237
351;344;295
352;166;301
353;144;321
354;228;341
355;316;275
356;240;67
357;274;287
358;252;257
359;238;325
360;352;275
361;208;301
362;300;275
363;338;293
364;334;293
365;238;339
366;196;343
367;238;155
368;240;343
369;340;61
370;246;9
371;292;243
372;288;357
373;34;61
374;352;369
375;250;367
376;250;365
377;240;319
378;304;363
379;348;293
380;110;307
381;368;275
382;304;155
383;336;75
384;230;373
385;204;333
386;368;329
387;288;75
388;300;341
389;292;301
390;300;269
391;346;155
392;292;385
393;334;337
394;34;381
395;100;319
396;238;291
397;224;35
398;230;259
399;394;323
400;384;319
401;196;9
402;382;353
403;238;269
404;398;247
405;342;287
406;6;243
407;332;269
408;366;333
409;246;331
410;288;377
411;388;359
412;394;259
413;338;323
414;360;411
415;400;381
416;410;305
417;382;403
418;406;359
419;392;333
420;82;251
421;34;397
422;100;35
423;372;9
424;376;375
425;300;377
426;304;421
427;420;407
428;304;9
429;298;259
430;242;405
431;34;319
432;204;259
433;34;265
434;82;403
435;418;401
436;360;395
437;238;363
438;430;259
439;358;353
440;380;35
441;338;353
442;358;61
443;338;247
444;410;289
445;242;403
446;242;433
447;414;395
448;426;387
449;388;301
450;374;155
451;338;323
452;418;451
453;348;393
454;288;331
455;416;269
456;438;323
457;334;419
458;388;329
459;452;417
460;338;445
461;360;385
462;430;457
463;370;307
464;456;331
465;380;393
466;372;375
467;408;259
468;400;167
469;374;35
470;464;167
471;452;319
472;454;333
473;342;451
474;358;337
475;438;417
476;410;413
477;358;301
478;450;421
479;372;393
480;474;469
481;464;337
482;388;465
483;462;307
484;348;449
485;204;377
486;100;441
487;406;399
488;484;421
489;204;129
490;416;275
491;388;307
492;450;413
493;204;333
494;470;363
495;460;331
496;408;375
497;462;441
498;476;449
499;466;477
500;438;443
501;494;485
502;452;461
503;420;167
504;466;485
505;484;319
506;468;481
507;476;319
508;406;505
509;498;377
510;298;413
511;490;481
512;508;503
513;408;269
514;438;461
515;466;459
516;388;499
517;466;335
518;360;413
519;100;331
520;480;61
521;432;9
522;516;437
523;430;417
524;360;337
525;518;461
526;460;61
527;492;319
528;460;307
529;520;289
530;406;265
531;400;483
532;320;301
533;100;509
534;338;467
535;338;319
536;338;353
537;400;441
538;204;515
539;454;417
540;416;167
541;338;441
542;514;419
543;502;319
544;438;527
545;320;155
546;454;167
547;466;481
548;82;353
549;430;413
550;468;419
551;504;333
552;524;509
553;476;481
554;438;301
555;552;453
556;514;509
557;420;61
558;494;319
559;556;487
560;490;543
561;490;167
562;484;9
563;82;561
564;82;555
565;500;289
566;548;559
567;510;307
568;556;419
569;416;545
570;548;487
571;498;515
572;510;307
573;466;549
574;502;393
575;448;551
576;348;307
577;448;487
578;544;61
579;460;301
580;522;499
581;536;487
582;348;289
583;416;487
584;564;515
585;564;333
586;348;553
587;348;437
588;546;545
589;568;437
590;522;583
591;544;527
592;416;487
593;454;531
594;550;525
595;594;527
596;568;269
597;82;553
598;522;557
599;586;587
600;568;329
601;416;289
602;560;599
603;576;353
604;550;527
605;536;537
606;578;553
607;320;9
608;576;479
609;598;587
610;586;553
611;554;569
612;566;301
613;600;563
614;562;329
615;584;587
616;564;375
617;550;575
618;586;517
619;586;353
620;544;9
621;564;499
622;560;601
623;614;401
624;620;301
625;560;617
626;608;275
627;580;603
628;348;587
629;596;375
630;594;393
631;620;329
632;562;419
633;632;483
634;536;375
635;612;333
636;626;329
637;562;633
638;552;9
639;566;605
640;576;565
641;568;329
642;576;537
643;552;333
644;610;579
645;560;587
646;584;481
647;522;627
648;610;419
649;640;639
650;600;599
651;590;573
652;630;575
653;480;499
654;638;483
655;546;643
656;636;375
657;656;565
658;448;461
659;618;461
660;600;627
661;654;601
662;576;601
663;550;541
664;630;275
665;536;655
666;662;387
667;416;499
668;544;603
669;640;575
670;494;631
671;566;615
672;582;553
673;666;565
674;638;673
675;656;575
676;656;561
677;672;393
678;648;61
679;678;9
680;598;393
681;608;353
682;544;155
683;636;353
684;652;155
685;608;639
686;648;561
687;576;479
688;348;61
689;562;671
690;648;673
691;680;679
692;494;527
693;544;275
694;668;573
695;662;575
696;576;353
697;636;499
698;636;665
699;690;675
700;640;611
701;672;479
702;648;561
703;536;671
704;676;657
705;562;393
706;566;703
707;636;649
708;562;555
709;662;701
710;656;699
711;708;703
712;572;623
713;658;683
714;572;527
715;664;683
716;640;575
717;608;275
718;690;393
719;560;289
720;648;709
721;664;437
722;448;621
723;702;375
724;638;653
725;536;353
726;664;659
727;600;653
728;560;687
729;552;725
730;552;559
731;700;675
732;702;667
733;682;667
734;694;623
735;664;601
736;718;721
737;552;651
738;572;673
739;722;691
740;544;689
741;536;729
742;720;711
743;724;717
744;722;579
745;718;669
746;550;701
747;696;559
748;608;525
749;696;695
750;682;683
751;562;739
752;700;579
753;668;623
754;692;721
755;560;721
756;572;701
757;664;731
758;738;671
759;682;709
760;448;499
761;732;749
762;348;717
763;738;499
764;550;735
765;734;693
766;724;525
767;566;691
768;562;763
769;598;749
770;660;759
771;728;695
772;562;731
773;760;659
774;702;751
775;770;675
776;718;623
777;546;669
778;348;527
779;702;769
780;734;555
781;598;759
782;770;559
783;758;731
784;348;621
785;764;483
786;584;733
787;760;483
788;720;767
789;758;755
790;784;555
791;662;621
792;752;733
793;714;777
794;734;623
795;740;687
796;766;731
797;766;751
798;448;759
799;566;787
800;640;769
801;800;767
802;448;769
803;770;755
804;724;745
805;778;769
806;640;787
807;584;799
808;790;787
809;630;759
810;544;717
811;766;709
812;776;745
813;686;705
814;812;705
815;572;761
816;592;731
817;640;683
818;794;555
819;766;787
820;572;761
821;566;819
822;572;687
823;572;775
824;544;813
825;544;815
826;724;781
827;794;785
828;738;705
829;802;781
830;808;705
831;738;621
832;560;829
833;816;827
834;730;727
835;720;831
836;752;763
837;780;733
838;536;483
839;810;777
840;792;793
841;766;759
842;778;779
843;840;555
844;566;727
845;700;621
846;808;483
847;786;841
848;798;843
849;798;831
850;828;749
851;816;483
852;836;777
853;748;767
854;756;621
855;804;843
856;630;817
857;740;623
858;822;831
859;850;849
860;560;769
861;584;745
862;738;623
863;712;823
864;566;821
865;630;839
866;856;805
867;592;727
868;856;853
869;592;555
870;792;825
871;740;763
872;804;833
873;786;855
874;826;733
875;864;841
876;836;873
877;800;829
878;846;869
879;550;839
880;878;811
881;822;675
882;834;833
883;854;843
884;552;727
885;800;843
886;832;871
887;882;855
888;840;815
889;874;839
890;800;823
891;800;555
892;804;815
893;816;831
894;738;879
895;826;759
896;682;837
897;894;871
898;894;797
899;828;733
900;890;843
901;876;823
902;872;871
903;878;797
904;720;893
905;826;903
906;864;845
907;826;777
908;760;703
909;842;831
910;806;897
911;878;829
912;878;893
913;904;859
914;910;897
915;854;837
916;910;675
917;914;727
918;712;555
919;900;897
920;720;811
921;712;805
922;550;921
923;918;777
924;818;915
925;898;907
926;906;727
927;854;759
928;800;843
929;910;897
930;926;847
931;912;925
932;898;913
933;904;797
934;720;855
935;884;847
936;884;915
937;936;797
938;720;873
939;846;727
940;846;939
941;816;939
942;896;845
943;816;887
944;870;815
945;924;929
946;834;805
947;884;883
948;938;703
949;922;911
950;890;923
951;878;941
952;914;925
953;918;845
954;952;939
955;922;841
956;868;951
957;848;893
958;922;953
959;946;937
960;954;949
961;938;923
962;954;955
963;922;897
964;946;945
965;900;913
966;934;849
967;638;855
968;938;923
969;842;849
970;904;863
971;878;941
972;950;939
973;950;805
974;856;831
975;928;961
976;868;833
977;864;939
978;934;805
979;842;913
980;886;831
981;638;829
982;896;849
983;956;863
984;832;925
985;960;939
986;686;965
987;800;945
988;848;797
989;942;717
990;970;981
991;638;979
992;864;981
993;904;977
994;952;955
995;806;949
996;898;941
997;760;717
998;992;995
999;864;831
1000;980;997
1001;998;841
1002;800;985
1003;978;975
1004;848;955
1005;974;717
1006;900;899
1007;700;703
1008;858;733
1009;940;841
1010;896;911
1011;954;967
1012;998;1007
1013;992;893
1014;638;975
1015;914;913
1016;854;777
1017;868;733
1018;864;1005
1019;816;555
1020;942;981
1021;1006;841
1022;954;977
1023;956;989
1024;1014;1013
1025;816;913
1026;856;951
1027;1018;955
1028;868;899
1029;900;1005
1030;868;717
1031;638;995
1032;946;981
1033;1010;855
1034;1026;1013
1035;940;733
1036;816;1031
1037;1026;977
1038;1028;1005
1039;986;965
1040;700;797
1041;900;939
1042;1038;1003
1043;848;1017
1044;1008;969
1045;900;1035
1046;1032;1009
1047;1006;859
1048;1016;733
1049;942;899
1050;990;1041
1051;946;1003
1052;998;797
1053;942;961
1054;908;1041
1055;1050;1005
1056;990;899
1057;954;797
1058;1050;969
1059;954;841
1060;1038;1055
1061;1044;949
1062;1008;1035
1063;1042;831
1064;1052;961
1065;816;1039
1066;974;1065
1067;942;1013
1068;998;1025
1069;1036;1003
1070;1016;1051
1071;816;933
1072;960;1025
1073;942;933
1074;760;955
1075;1048;1065
1076;1052;1073
1077;1060;797
1078;1018;965
1079;1036;555
1080;1048;933
1081;856;1027
1082;960;1025
1083;1052;1013
1084;1028;1079
1085;1082;1069
1086;986;893
1087;1004;981
1088;898;1035
1089;908;1023
1090;942;1051
1091;996;899
1092;1006;1079
1093;942;1091
1094;1008;1075
1095;992;1027
1096;1016;965
1097;1072;1079
1098;1008;1093
1099;992;1035
1100;954;829
1101;908;913
1102;1060;967
1103;816;1099
1104;1102;1091
1105;1068;995
1106;1028;555
1107;1022;1055
1108;946;1103
1109;954;1035
1110;1096;1045
1111;1068;949
1112;1076;1095
1113;960;913
1114;816;955
1115;1004;1073
1116;1080;1077
1117;1012;1017
1118;1004;1109
1119;864;913
1120;854;1095
1121;1050;955
1122;1060;955
1123;1122;1045
1124;970;913
1125;1066;1025
1126;1094;1025
1127;1062;1055
1128;962;1049
1129;1104;1117
1130;986;1025
1131;962;949
1132;946;1095
1133;1042;967
1134;1068;913
1135;1106;1027
1136;832;1045
1137;1012;893
1138;898;1099
1139;1130;1131
1140;992;829
1141;1068;1103
1142;1082;1017
1143;954;1119
1144;1122;1141
1145;1100;1125
1146;1062;1053
1147;1100;1025
1148;1134;1007
1149;816;1147
1150;962;1071
1151;1022;1145
1152;1082;1053
1153;816;555
1154;1108;913
1155;1052;1127
1156;1116;1133
1157;1132;1111
1158;1072;1025
1159;1068;1119
1160;908;1067
1161;1148;967
1162;898;1119
1163;1156;1151
1164;816;1127
1165;854;1105
1166;1142;1151
1167;992;1097
1168;1092;1163
1169;1042;1167
1170;1068;1131
1171;992;1157
1172;1164;1147
1173;1060;913
1174;1050;1123
1175;816;1027
1176;1004;1105
1177;1072;913
1178;1082;1119
1179;1092;1177
1180;992;1145
1181;1170;1093
1182;1140;1113
1183;1066;949
1184;1172;1113
1185;1184;1165
1186;1058;1035
1187;1178;949
1188;1136;1129
1189;1052;1129
1190;1022;949
1191;1140;913
1192;1094;1169
1193;760;965
1194;1162;1065
1195;1060;1035
1196;992;1111
1197;854;1153
1198;760;1149
1199;1190;1045
1200;1082;1151
1201;1152;1157
1202;816;1093
1203;1170;1179
1204;1186;949
1205;1152;1185
1206;1190;1045
1207;1112;1191
1208;1178;1199
1209;1112;949
1210;1136;1105
1211;1140;1099
1212;760;1149
1213;1174;1167
1214;1180;1203
1215;982;1035
1216;1202;1179
1217;1104;1175
1218;1170;1139
1219;1104;913
1220;1092;1199
1221;1188;1167
1222;1216;1131
1223;1184;1153
1224;960;1177
1225;1140;1145
1226;1120;1045
1227;1092;1093
1228;1042;1147
1229;1228;965
1230;1172;1153
1231;1082;1093
1232;816;1149
1233;1228;1201
1234;1188;1183
1235;1052;1183
1236;1186;1127
1237;1186;1219
1238;1092;1151
1239;1214;1139
1240;1210;1231
1241;1232;1199
1242;1022;1161
1243;1120;1213
1244;1186;1149
1245;1194;965
1246;1140;1211
1247;1180;1161
1248;1218;949
1249;1184;1237
1250;1178;1175
1251;1092;1247
1252;1234;1195
1253;1174;1233
1254;1238;1129
1255;1186;1133
1256;760;1093
1257;908;913
1258;1250;1249
1259;1058;1253
1260;1050;1057
1261;1260;1161
1262;1244;1147
1263;1050;1167
1264;1092;1161
1265;1152;1179
1266;1252;1253
1267;1254;1157
1268;1052;1215
1269;1050;1139
1270;1072;1169
1271;1060;1257
1272;1250;1153
1273;1154;1253
1274;1058;1165
1275;1228;1263
1276;1178;1149
1277;1252;1057
1278;1134;1133
1279;1104;1257
1280;1262;1181
1281;1280;1181
1282;1076;913
1283;1280;1269
1284;1226;1151
1285;1152;1269
1286;1178;1245
1287;1072;1183
1288;1252;1267
1289;1218;1147
1290;1076;1153
1291;1256;1157
1292;1072;1219
1293;1246;913
1294;1262;1255
1295;1206;1257
1296;1286;1283
1297;1268;1145
1298;1212;949
1299;1298;1025
1300;1258;1283
1301;1162;1279
1302;1134;949
1303;908;1219
1304;1050;1303
1305;1050;1269
1306;1294;1303
1307;1276;1265
1308;1238;1183
1309;1158;1139
1310;1294;1161
1311;1282;1057
1312;1228;1147
1313;1268;1167
1314;1218;1161
1315;1314;1179
1316;1246;1177
1317;1152;1261
1318;1268;1293
1319;1302;1267
1320;1318;1177
1321;1238;1245
1322;1268;1253
1323;1300;1261
1324;1238;1193
1325;1310;1255
1326;1282;1269
1327;1202;1303
1328;1260;1193
1329;1316;1167
1330;1238;1259
1331;1258;1251
1332;1050;1325
1333;1270;1291
1334;1132;1313
1335;1252;1259
1336;1050;1285
1337;1050;1315
1338;1268;1287
1339;1286;1183
1340;1294;1153
1341;1218;1183
1342;1218;1301
1343;1260;1305
1344;1320;1161
1345;1240;1325
1346;1332;1251
1347;1226;1245
1348;1284;1339
1349;1332;1267
1350;1270;1243
1351;1334;1291
1352;1344;1277
1353;1250;1267
1354;1322;1353
1355;1282;1219
1356;1178;1343
1357;1152;1277
1358;1076;1299
1359;1218;1301
1360;1218;1153
1361;1310;1347
1362;1252;1219
1363;1334;1355
1364;1334;1325
1365;1288;1291
1366;1360;1325
1367;1352;1301
1368;1226;1259
1369;1350;1179
1370;1246;1353
1371;1226;1321
1372;1344;1365
1373;1360;1291
1374;1328;1057
1375;1220;1353
1376;1352;1355
1377;1270;1153
1378;1284;1057
1379;1322;1301
1380;1284;1315
1381;1104;1303
1382;1246;1313
1383;1362;1057
1384;1262;1305
1385;1058;1357
1386;1368;1347
1387;1362;1345
1388;1350;1237
1389;1346;1341
1390;1268;1343
1391;1368;1361
1392;1270;1139
1393;1350;1365
1394;1260;1283
1395;1392;1211
1396;1104;1381
1397;1076;1253
1398;1386;1347
1399;1250;1353
1400;1308;1389
1401;1308;1277
1402;1350;1277
1403;1388;1307
1404;1384;1375
1405;1260;1307
1406;1350;1369
1407;1320;1355
1408;1396;1025
1409;1246;1025
1410;1252;1387
1411;1300;1057
1412;1392;1057
1413;1396;1151
1414;1364;1287
1415;1320;1259
1416;1304;1283
1417;1276;1325
1418;1400;1165
1419;1282;1415
1420;1380;949
1421;1394;1379
1422;1226;1413
1423;1390;1251
1424;1398;1409
1425;1226;1355
1426;1390;1405
1427;1394;1405
1428;1416;1305
1429;1270;1305
1430;1418;1315
1431;1426;1151
1432;1398;1345
1433;1400;1393
1434;1392;1261
1435;1422;1237
1436;1416;1393
1437;1338;1403
1438;1394;1245
1439;1322;1379
1440;1322;1427
1441;1430;1401
1442;1246;1345
1443;1380;1401
1444;1406;1421
1445;1250;1305
1446;1400;1361
1447;1416;1251
1448;1202;1313
1449;1400;1405
1450;1448;1443
1451;1368;1409
1452;1390;1391
1453;1318;1425
1454;1426;1251
1455;1206;1341
1456;1358;1285
1457;1380;1407
1458;1428;1457
1459;1434;1261
1460;1358;1457
1461;1444;1211
1462;1434;1421
1463;1304;1325
1464;1202;1431
1465;1450;1305
1466;1462;1419
1467;1414;1339
1468;1304;1151
1469;1434;1375
1470;1380;1443
1471;1444;1467
1472;1318;1025
1473;1470;1465
1474;1470;1409
1475;1472;1417
1476;1454;1375
1477;1446;1419
1478;1226;1325
1479;1446;1447
1480;1390;1423
1481;1444;1417
1482;1438;1423
1483;1438;1261
1484;1476;1465
1485;1444;1443
1486;1300;1417
1487;1308;1057
1488;1380;1435
1489;1350;1477
1490;1436;1451
1491;1480;1441
1492;1434;1491
1493;1492;1341
1494;1368;1481
1495;1488;1423
1496;1300;1417
1497;1250;1475
1498;1282;1165
1499;1390;1025
1500;1498;1305
1501;1446;1339
1502;1252;1285
1503;1488;1279
1504;1494;1057
1505;1480;1339
1506;1246;1485
1507;1456;1325
1508;1318;1151
1509;1476;949
1510;1380;1339
1511;1492;1285
1512;1492;1461
1513;1480;1457
1514;1390;1375
1515;1502;1419
1516;1424;1375
1517;1466;1453
1518;1392;1325
1519;1424;1461
1520;1494;1417
1521;1380;1339
1522;1494;1521
1523;1368;1509
1524;1488;1475
1525;1482;1339
1526;1378;1523
1527;1260;1391
1528;1392;1409
1529;1246;1505
1530;1392;1519
1531;1526;1417
1532;1524;1483
1533;1518;1493
1534;1474;1441
1535;1492;1375
1536;1446;1461
1537;1500;1447
1538;1536;1445
1539;1430;1465
1540;1484;1493
1541;1468;1495
1542;1530;1393
1543;1536;1445
1544;1260;1533
1545;1520;1341
1546;1494;1521
1547;1536;1483
1548;1430;1417
1549;1526;1409
1550;1438;1483
1551;1260;1285
1552;1512;1245
1553;1536;1533
1554;1522;1417
1555;1378;1531
1556;1470;1485
1557;1442;1453
1558;1252;1513
1559;1522;1553
1560;1438;1557
1561;1548;1517
1562;1544;1519
1563;1544;1465
1564;1424;1447
1565;1536;1165
1566;1424;1551
1567;1446;1453
1568;1522;1395
1569;1424;1461
1570;1444;1507
1571;1444;1569
1572;1482;1425
1573;1246;1517
1574;1378;1423
1575;1480;1527
1576;1494;1485
1577;1492;1417
1578;1574;1567
1579;1570;1285
1580;1540;1285
1581;1494;1571
1582;1536;1285
1583;1456;1533
1584;1378;1165
1585;1564;1507
1586;1570;1507
1587;1532;1391
1588;1446;1453
1589;1534;1507
1590;1260;1485
1591;1586;1587
1592;1542;1563
1593;1540;1441
1594;1456;1581
1595;1444;1341
1596;1442;1581
1597;1540;1375
1598;1300;1597
1599;1596;1579
1600;1424;1577
1601;1510;1461
1602;1456;1517
1603;1492;1417
1604;1512;1531
1605;1558;1559
1606;1532;1513
1607;1592;1551
1608;1542;1581
1609;1380;1285
1610;1476;1571
1611;1606;1453
1612;1552;1151
1613;1422;1595
1614;1598;1601
1615;1522;1285
1616;1592;1165
1617;1562;1555
1618;1544;1531
1619;1606;1485
1620;1270;1285
1621;1554;1611
1622;1586;1165
1623;1380;1589
1624;1598;1557
1625;1482;949
1626;1446;1375
1627;1552;1453
1628;1586;1565
1629;1442;1551
1630;1424;1521
1631;1562;949
1632;1492;1533
1633;1576;1551
1634;1620;1625
1635;1584;1619
1636;1544;1391
1637;1430;1569
1638;1536;1619
1639;1456;1339
1640;1636;1447
1641;1552;1597
1642;1562;1571
1643;1606;1453
1644;1600;1537
1645;1568;1639
1646;1536;1641
1647;1592;1391
1648;1600;1517
1649;1522;1613
1650;1616;1485
1651;1612;1593
1652;1584;1625
1653;1636;1485
1654;1584;1453
1655;1604;1651
1656;1644;1653
1657;1576;1375
1658;1422;1545
1659;1642;1617
1660;1438;1589
1661;1620;1545
1662;1512;1629
1663;1636;1641
1664;1552;1645
1665;1662;1641
1666;1660;1585
1667;1654;1591
1668;1660;1633
1669;1660;1583
1670;1612;1613
1671;1246;1285
1672;1492;1583
1673;1584;1521
1674;1660;1551
1675;1620;1517
1676;1654;1517
1677;1476;1589
1678;1616;1585
1679;1650;1673
1680;1522;1657
1681;1652;1631
1682;1654;1635
1683;1680;1591
1684;1656;1517
1685;1576;1661
1686;1676;1665
1687;1624;1641
1688;1578;1665
1689;1686;1611
1690;1672;1659
1691;1540;1611
1692;1576;1597
1693;1652;1585
1694;1638;1679
1695;1632;1613
1696;1300;1641
1697;1430;1691
1698;1270;1693
1699;1672;1635
1700;1672;1691
1701;1674;1613
1702;1422;1545
1703;1694;1539
1704;1646;1675
1705;1636;1657
1706;1686;1597
1707;1668;1699
1708;1668;1619
1709;1616;1691
1710;1696;1707
1711;1674;1657
1712;1654;1683
1713;1632;1551
1714;1706;1693
1715;1592;1701
1716;1652;1689
1717;1708;1601
1718;1700;1151
1719;1572;1551
1720;1714;1667
1721;1300;1699
1722;1586;1705
1723;1424;1691
1724;1716;1601
1725;1424;1597
1726;1610;1151
1727;1424;1643
1728;1722;1675
1729;1712;1697
1730;1620;1699
1731;1620;1521
1732;1656;1583
1733;1568;1643
1734;1568;1551
1735;1540;1721
1736;1492;1733
1737;1480;1717
1738;1678;1661
1739;1568;1727
1740;1300;1715
1741;1724;1723
1742;1738;1585
1743;1680;1245
1744;1684;1629
1745;1424;1643
1746;1616;1695
1747;1680;1707
1748;1724;1597
1749;1692;1685
1750;1422;1611
1751;1748;1749
1752;1654;1709
1753;1748;1521
1754;1714;1673
1755;1702;1151
1756;1422;1727
1757;1750;1551
1758;1562;1689
1759;1750;1713
1760;1714;1717
1761;1656;1597
1762;1636;1689
1763;1568;1545
1764;1734;1597
1765;1690;1551
1766;1750;1545
1767;1736;1749
1768;1442;1767
1769;1568;1709
1770;1736;1641
1771;1766;1767
1772;1712;1739
1773;1672;1759
1774;1768;1731
1775;1722;1667
1776;1726;1721
1777;1702;1775
1778;1756;1761
1779;1732;1775
1780;1378;1585
1781;1738;1699
1782;1702;1779
1783;1750;1747
1784;1586;1757
1785;1666;1673
1786;1782;1601
1787;1422;1731
1788;1776;1771
1789;1736;1785
1790;1754;1773
1791;1756;1779
1792;1746;1545
1793;1768;1723
1794;1778;1709
1795;1776;1661
1796;1696;1597
1797;1568;1551
1798;1730;1641
1799;1798;1779
1800;1586;1673
1801;1586;1793
1802;1726;1779
1803;1576;1775
1804;1586;1781
1805;1678;1739
1806;1768;1747
1807;1750;1793
1808;1766;1775
1809;1730;1773
1810;1730;1771
1811;1806;1745
1812;1678;1723
1813;1512;1783
1814;1772;1685
1815;1684;1151
1816;1808;1685
1817;1750;1641
1818;1750;1759
1819;1568;1151
1820;1768;1749
1821;1732;1783
1822;1714;1727
1823;1766;1719
1824;1792;1805
1825;1812;1821
1826;1572;1783
1827;1766;1787
1828;1568;1789
1829;1736;1727
1830;1732;1685
1831;1808;1745
1832;1796;1723
1833;1740;1709
1834;1796;1801
1835;1782;1611
1836;1822;1827
1837;1726;1827
1838;1678;1829
1839;1750;1719
1840;1750;1601
1841;1732;1827
1842;1838;1745
1843;1586;1771
1844;1828;1807
1845;1702;1779
1846;1828;1771
1847;1572;1641
1848;1772;1801
1849;1822;1781
1850;1844;1697
1851;1824;1719
1852;1572;1823
1853;1830;1719
1854;1702;1783
1855;1756;1611
1856;1854;1667
1857;1832;1829
1858;1300;1601
1859;1714;1847
1860;1736;1787
1861;1846;1837
1862;1846;1759
1863;1850;1801
1864;1798;1689
1865;1776;1831
1866;1636;1865
1867;1848;1705
1868;1850;1851
1869;1300;1815
1870;1862;1731
1871;1768;1731
1872;1854;1819
1873;1760;1857
1874;1844;1871
1875;1848;1723
1876;1852;1831
1877;1864;1773
1878;1830;1783
1879;1872;1857
1880;1850;1867
1881;1776;1843
1882;1300;1785
1883;1880;1819
1884;1732;1831
1885;1838;1819
1886;1868;1739
1887;1884;1773
1888;1832;1759
1889;1810;1585
1890;1756;1831
1891;1300;1887
1892;1870;1845
1893;1882;1661
1894;1736;1833
1895;1852;1857
1896;1768;1833
1897;1756;1825
1898;1808;1585
1899;1678;1739
1900;1802;1585
1901;1836;1785
1902;1828;1893
1903;1874;1705
1904;1894;1785
1905;1732;1815
1906;1870;1897
1907;1802;1719
1908;1636;1785
1909;1822;1709
1910;1592;1869
1911;1902;1849
1912;1876;1837
1913;1904;1865
1914;1886;1825
1915;1672;1819
1916;1804;1905
1917;1804;1731
1918;1808;1899
1919;1914;1841
1920;1738;1877
1921;1904;1801
1922;1856;1759
1923;1838;1709
1924;1586;1831
1925;1756;1789
1926;1822;1913
1927;1922;1915
1928;1702;1773
1929;1920;1773
1930;1756;1849
1931;1822;1611
1932;1930;1855
1933;1852;1865
1934;1920;1789
1935;1808;1885
1936;1756;1935
1937;1910;1801
1938;1924;1907
1939;1808;1789
1940;1756;1893
1941;1796;1833
1942;1920;1869
1943;1886;1893
1944;1884;1913
1945;1592;1723
1946;1732;1939
1947;1926;1779
1948;1672;1801
1949;1874;1833
1950;1804;1897
1951;1586;1923
1952;1922;1903
1953;1740;1909
1954;1926;1831
1955;1914;1907
1956;1860;1815
1957;1926;1789
1958;1910;1783
1959;1804;1841
1960;1952;1785
1961;1946;1893
1962;1732;1907
1963;1960;1779
1964;1776;1789
1965;1916;1815
1966;1954;1939
1967;1854;1965
1968;1948;1841
1969;1808;1899
1970;1916;1969
1971;1956;1855
1972;1948;1831
1973;1808;1921
1974;1948;1955
1975;1808;1815
1976;1962;1935
1977;1938;1889
1978;1946;1967
1979;1964;1785
1980;1802;1959
1981;1918;1967
1982;1974;1909
1983;1940;1795
1984;1950;1947
1985;1890;1849
1986;1884;1919
1987;1972;1731
1988;1802;1971
1989;1976;1947
1990;1808;1929
1991;1888;1945
1992;1926;1839
1993;1858;1839
1994;1948;1893
1995;1942;1955
1996;1928;1967
1997;1968;1963
1998;1736;1899
1999;1888;1971
2000;1944;1939
2001;1998;1865
2002;1858;1967
2003;1978;1789
2004;1918;1963
2005;1988;1947
2006;1586;1993
2007;1982;1953
2008;1932;1843
2009;1916;1993
2010;1910;1919
2011;1948;1723
2012;1996;1843
2013;1968;1967
2014;1884;1839
2015;1926;2007
2016;1962;1849
2017;1996;1889
2018;1868;2001
2019;1992;1991
2020;1968;1877
2021;1966;1993
2022;1802;1919
2023;1912;1939
2024;1740;1999
2025;1858;1967
2026;1964;1997
2027;2014;1945
2028;1822;1795
2029;1876;2023
2030;1990;1723
2031;1918;1889
2032;1802;1999
2033;1986;1945
2034;1982;2027
2035;1858;1889
2036;2022;1865
2037;1932;1981
2038;2014;2001
2039;1928;2021
2040;1822;2001
2041;1978;1979
2042;1966;1939
2043;1918;1953
2044;1978;1795
2045;1928;1975
2046;2018;1937
2047;1918;1967
2048;1888;2029
2049;1982;1839
2050;1968;1839
2051;1942;2041
2052;1942;1943
2053;2014;1795
2054;2022;1945
2055;2048;1839
2056;2046;2009
2057;1966;2033
2058;1998;1955
2059;2000;1941
2060;1998;1999
2061;1980;1889
2062;1994;2055
2063;2020;2029
2064;2046;1849
2065;2028;1907
2066;2028;1979
2067;1924;2015
2068;2050;2067
2069;2056;1981
2070;2050;2063
2071;1998;1995
2072;2070;2059
2073;1858;1847
2074;2020;2011
2075;2058;2023
2076;2016;1825
2077;1932;2071
2078;1942;1941
2079;1962;2009
2080;2072;1981
2081;1886;1979
2082;2080;2011
2083;1930;2015
2084;2082;2077
2085;1942;1997
2086;2080;1935
2087;2016;2033
2088;2022;2087
2089;2054;2081
2090;1736;1891
2091;1982;2083
2092;2070;2021
2093;2044;1977
2094;2080;2089
2095;1928;2089
2096;1890;2071
2097;1980;1839
2098;1918;2069
2099;2038;2011
